"C:\Program Files\Java\jdk-10\bin\java.exe" "-javaagent:C:\Program Files\JetBrains\IntelliJ IDEA Community Edition 2018.1.1\lib\idea_rt.jar=52068:C:\Program Files\JetBrains\IntelliJ IDEA Community Edition 2018.1.1\bin" -Dfile.encoding=UTF-8 -classpath C:\Users\Will\IdeaProjects\wtsai89-cs1b-project05\out\production\wtsai89-cs1b-project05 cellularData.TestCountryList
How many countries do you want to add to the list?
8
Adding country with name "Hong Kong SAR, China" to the end of the list.
Adding country with name Belize to the end of the list.
Adding country with name Uzbekistan to the end of the list.
Adding country with name Djibouti to the end of the list.
Adding country with name Dominican Republic to the end of the list.
Adding country with name Timor-Leste to the end of the list.
Adding country with name Puerto Rico to the end of the list.
Adding country with name Guinea to the end of the list.

List of countries:
"Hong Kong SAR, China"   0.00   0.00   0.00   0.00   0.00   0.00   0.00   0.00   0.00   0.00   0.00   0.00   0.00   0.00   0.00   0.00   0.00   0.00   0.00   0.00   0.00   0.00   0.00   0.00   0.02   0.08   0.18   0.50   0.91   1.56   2.31   3.24   3.95   4.87   8.02  12.99  21.70  34.68  48.16  63.50  79.69  83.80  92.53 106.41 119.10 123.89 136.66 155.04 166.19 179.78 195.67 215.50 229.24 237.35 233.62
Belize                 0.00   0.00   0.00   0.00   0.00   0.00   0.00   0.00   0.00   0.00   0.00   0.00   0.00   0.00   0.00   0.00   0.00   0.00   0.00   0.00   0.00   0.00   0.00   0.00   0.00   0.00   0.00   0.00   0.00   0.00   0.00   0.00   0.00   0.20   0.41   0.75   1.03   1.16   1.57   2.84   7.05  15.97  20.55  23.38  28.30  35.30  42.30  41.34  54.52  53.75  62.93  70.32  53.21  52.61  50.71
Uzbekistan             0.00   0.00   0.00   0.00   0.00   0.00   0.00   0.00   0.00   0.00   0.00   0.00   0.00   0.00   0.00   0.00   0.00   0.00   0.00   0.00   0.00   0.00   0.00   0.00   0.00   0.00   0.00   0.00   0.00   0.00   0.00   0.00   0.00   0.00   0.00   0.02   0.04   0.07   0.11   0.16   0.21   0.51   0.74   1.26   2.11   2.76   9.61  21.34  45.79  59.94  75.45  90.37  71.03  74.31  78.42
Djibouti               0.00   0.00   0.00   0.00   0.00   0.00   0.00   0.00   0.00   0.00   0.00   0.00   0.00   0.00   0.00   0.00   0.00   0.00   0.00   0.00   0.00   0.00   0.00   0.00   0.00   0.00   0.00   0.00   0.00   0.00   0.00   0.00   0.00   0.00   0.00   0.00   0.02   0.03   0.03   0.04   0.03   0.41   2.01   3.05   4.50   5.67   5.69   8.71  13.93  15.67  19.86  22.80  24.72  27.97  32.39
Dominican Republic     0.00   0.00   0.00   0.00   0.00   0.00   0.00   0.00   0.00   0.00   0.00   0.00   0.00   0.00   0.00   0.00   0.00   0.00   0.00   0.00   0.00   0.00   0.00   0.00   0.00   0.00   0.00   0.00   0.00   0.00   0.04   0.08   0.10   0.13   0.27   0.70   1.02   1.71   2.49   4.98   8.14  14.43  19.03  23.06  27.52  38.78  48.59  57.34  73.95  87.31  88.78  86.43  86.94  88.43  78.86
Timor-Leste            0.00   0.00   0.00   0.00   0.00   0.00   0.00   0.00   0.00   0.00   0.00   0.00   0.00   0.00   0.00   0.00   0.00   0.00   0.00   0.00   0.00   0.00   0.00   0.00   0.00   0.00   0.00   0.00   0.00   0.00   0.00   0.00   0.00   0.00   0.00   0.00   0.00   0.00   0.00   0.00   0.00   0.00   0.00   2.15   2.66   3.32   4.82   7.55  11.90  32.97  43.82  56.02  55.74  57.38 119.38
Puerto Rico            0.00   0.00   0.00   0.00   0.00   0.00   0.00   0.00   0.00   0.00   0.00   0.00   0.00   0.00   0.00   0.00   0.00   0.00   0.00   0.00   0.00   0.00   0.00   0.00   0.00   0.00   0.00   0.11   0.25   0.33   0.58   0.94   1.67   2.62   4.78   7.78   8.85   9.80  15.39  21.49  34.71  42.85  43.40  45.15  48.98  53.00  58.64  65.03  68.22  72.93  79.09  83.98  82.55  83.65  87.11
Guinea                 0.00   0.00   0.00   0.00   0.00   0.00   0.00   0.00   0.00   0.00   0.00   0.00   0.00   0.00   0.00   0.00   0.00   0.00   0.00   0.00   0.00   0.00   0.00   0.00   0.00   0.00   0.00   0.00   0.00   0.00   0.00   0.00   0.00   0.00   0.01   0.01   0.01   0.03   0.26   0.29   0.48   0.63   1.00   1.21   1.65   1.97   0.00  19.91  26.66  32.94  36.78  43.55  48.77  63.32  72.10


first: "Hong Kong SAR, China"   0.00   0.00   0.00   0.00   0.00   0.00   0.00   0.00   0.00   0.00   0.00   0.00   0.00   0.00   0.00   0.00   0.00   0.00   0.00   0.00   0.00   0.00   0.00   0.00   0.02   0.08   0.18   0.50   0.91   1.56   2.31   3.24   3.95   4.87   8.02  12.99  21.70  34.68  48.16  63.50  79.69  83.80  92.53 106.41 119.10 123.89 136.66 155.04 166.19 179.78 195.67 215.50 229.24 237.35 233.62

middle: Dominican Republic     0.00   0.00   0.00   0.00   0.00   0.00   0.00   0.00   0.00   0.00   0.00   0.00   0.00   0.00   0.00   0.00   0.00   0.00   0.00   0.00   0.00   0.00   0.00   0.00   0.00   0.00   0.00   0.00   0.00   0.00   0.04   0.08   0.10   0.13   0.27   0.70   1.02   1.71   2.49   4.98   8.14  14.43  19.03  23.06  27.52  38.78  48.59  57.34  73.95  87.31  88.78  86.43  86.94  88.43  78.86

last: Guinea                 0.00   0.00   0.00   0.00   0.00   0.00   0.00   0.00   0.00   0.00   0.00   0.00   0.00   0.00   0.00   0.00   0.00   0.00   0.00   0.00   0.00   0.00   0.00   0.00   0.00   0.00   0.00   0.00   0.00   0.00   0.00   0.00   0.00   0.00   0.01   0.01   0.01   0.03   0.26   0.29   0.48   0.63   1.00   1.21   1.65   1.97   0.00  19.91  26.66  32.94  36.78  43.55  48.77  63.32  72.10

ERROR: Index out of the range of values.

What country do you want to search for?
Timor-Leste
Country Timor-Leste found with details:
Timor-Leste            0.00   0.00   0.00   0.00   0.00   0.00   0.00   0.00   0.00   0.00   0.00   0.00   0.00   0.00   0.00   0.00   0.00   0.00   0.00   0.00   0.00   0.00   0.00   0.00   0.00   0.00   0.00   0.00   0.00   0.00   0.00   0.00   0.00   0.00   0.00   0.00   0.00   0.00   0.00   0.00   0.00   0.00   0.00   2.15   2.66   3.32   4.82   7.55  11.90  32.97  43.82  56.02  55.74  57.38 119.38

Adding country with name Albania to the end of the list.
Adding country with name Algeria to the end of the list.

List of countries:
"Hong Kong SAR, China"   0.00   0.00   0.00   0.00   0.00   0.00   0.00   0.00   0.00   0.00   0.00   0.00   0.00   0.00   0.00   0.00   0.00   0.00   0.00   0.00   0.00   0.00   0.00   0.00   0.02   0.08   0.18   0.50   0.91   1.56   2.31   3.24   3.95   4.87   8.02  12.99  21.70  34.68  48.16  63.50  79.69  83.80  92.53 106.41 119.10 123.89 136.66 155.04 166.19 179.78 195.67 215.50 229.24 237.35 233.62
Belize                 0.00   0.00   0.00   0.00   0.00   0.00   0.00   0.00   0.00   0.00   0.00   0.00   0.00   0.00   0.00   0.00   0.00   0.00   0.00   0.00   0.00   0.00   0.00   0.00   0.00   0.00   0.00   0.00   0.00   0.00   0.00   0.00   0.00   0.20   0.41   0.75   1.03   1.16   1.57   2.84   7.05  15.97  20.55  23.38  28.30  35.30  42.30  41.34  54.52  53.75  62.93  70.32  53.21  52.61  50.71
Uzbekistan             0.00   0.00   0.00   0.00   0.00   0.00   0.00   0.00   0.00   0.00   0.00   0.00   0.00   0.00   0.00   0.00   0.00   0.00   0.00   0.00   0.00   0.00   0.00   0.00   0.00   0.00   0.00   0.00   0.00   0.00   0.00   0.00   0.00   0.00   0.00   0.02   0.04   0.07   0.11   0.16   0.21   0.51   0.74   1.26   2.11   2.76   9.61  21.34  45.79  59.94  75.45  90.37  71.03  74.31  78.42
Djibouti               0.00   0.00   0.00   0.00   0.00   0.00   0.00   0.00   0.00   0.00   0.00   0.00   0.00   0.00   0.00   0.00   0.00   0.00   0.00   0.00   0.00   0.00   0.00   0.00   0.00   0.00   0.00   0.00   0.00   0.00   0.00   0.00   0.00   0.00   0.00   0.00   0.02   0.03   0.03   0.04   0.03   0.41   2.01   3.05   4.50   5.67   5.69   8.71  13.93  15.67  19.86  22.80  24.72  27.97  32.39
Dominican Republic     0.00   0.00   0.00   0.00   0.00   0.00   0.00   0.00   0.00   0.00   0.00   0.00   0.00   0.00   0.00   0.00   0.00   0.00   0.00   0.00   0.00   0.00   0.00   0.00   0.00   0.00   0.00   0.00   0.00   0.00   0.04   0.08   0.10   0.13   0.27   0.70   1.02   1.71   2.49   4.98   8.14  14.43  19.03  23.06  27.52  38.78  48.59  57.34  73.95  87.31  88.78  86.43  86.94  88.43  78.86
Timor-Leste            0.00   0.00   0.00   0.00   0.00   0.00   0.00   0.00   0.00   0.00   0.00   0.00   0.00   0.00   0.00   0.00   0.00   0.00   0.00   0.00   0.00   0.00   0.00   0.00   0.00   0.00   0.00   0.00   0.00   0.00   0.00   0.00   0.00   0.00   0.00   0.00   0.00   0.00   0.00   0.00   0.00   0.00   0.00   2.15   2.66   3.32   4.82   7.55  11.90  32.97  43.82  56.02  55.74  57.38 119.38
Puerto Rico            0.00   0.00   0.00   0.00   0.00   0.00   0.00   0.00   0.00   0.00   0.00   0.00   0.00   0.00   0.00   0.00   0.00   0.00   0.00   0.00   0.00   0.00   0.00   0.00   0.00   0.00   0.00   0.11   0.25   0.33   0.58   0.94   1.67   2.62   4.78   7.78   8.85   9.80  15.39  21.49  34.71  42.85  43.40  45.15  48.98  53.00  58.64  65.03  68.22  72.93  79.09  83.98  82.55  83.65  87.11
Guinea                 0.00   0.00   0.00   0.00   0.00   0.00   0.00   0.00   0.00   0.00   0.00   0.00   0.00   0.00   0.00   0.00   0.00   0.00   0.00   0.00   0.00   0.00   0.00   0.00   0.00   0.00   0.00   0.00   0.00   0.00   0.00   0.00   0.00   0.00   0.01   0.01   0.01   0.03   0.26   0.29   0.48   0.63   1.00   1.21   1.65   1.97   0.00  19.91  26.66  32.94  36.78  43.55  48.77  63.32  72.10
Albania                0.00   0.00   0.00   0.00   0.00   0.00   0.00   0.00   0.00   0.00   0.00   0.00   0.00   0.00   0.00   0.00   0.00   0.00   0.00   0.00   0.00   0.00   0.00   0.00   0.00   0.00   0.00   0.00   0.00   0.00   0.00   0.00   0.00   0.00   0.00   0.00   0.07   0.10   0.17   0.33   0.90  11.95  26.08  33.96  39.16  47.88  60.07  73.35  58.91  78.18  85.47  98.29 110.69 116.16 105.47
Algeria                0.00   0.00   0.00   0.00   0.00   0.00   0.00   0.00   0.00   0.00   0.00   0.00   0.00   0.00   0.00   0.00   0.00   0.00   0.00   0.00   0.00   0.00   0.00   0.00   0.00   0.00   0.00   0.00   0.00   0.00   0.00   0.02   0.02   0.02   0.00   0.02   0.04   0.06   0.06   0.23   0.27   0.31   1.38   4.38  14.59  40.23  60.85  78.53  75.66  89.96  88.44  94.31  97.52 100.79  92.95

Checking if list contains this country: Algeria
Country Algeria found with details:
Algeria                0.00   0.00   0.00   0.00   0.00   0.00   0.00   0.00   0.00   0.00   0.00   0.00   0.00   0.00   0.00   0.00   0.00   0.00   0.00   0.00   0.00   0.00   0.00   0.00   0.00   0.00   0.00   0.00   0.00   0.00   0.00   0.02   0.02   0.02   0.00   0.02   0.04   0.06   0.06   0.23   0.27   0.31   1.38   4.38  14.59  40.23  60.85  78.53  75.66  89.96  88.44  94.31  97.52 100.79  92.95

Checking if list contains this country: Mordor
Country Mordor not found.

Inserting the country American Samoa at index 0

List of countries:
American Samoa         0.00   0.00   0.00   0.00   0.00   0.00   0.00   0.00   0.00   0.00   0.00   0.00   0.00   0.00   0.00   0.00   0.00   0.00   0.00   0.00   0.00   0.00   0.00   0.00   0.00   0.00   0.00   0.00   0.00   0.00   0.00   0.00   1.41   1.77   2.32   2.36   2.41   2.55   2.68   3.17   3.46   3.71   3.47   3.55   3.80   0.00   0.00   0.00   0.00   0.00   0.00   0.00   0.00   0.00   0.00
"Hong Kong SAR, China"   0.00   0.00   0.00   0.00   0.00   0.00   0.00   0.00   0.00   0.00   0.00   0.00   0.00   0.00   0.00   0.00   0.00   0.00   0.00   0.00   0.00   0.00   0.00   0.00   0.02   0.08   0.18   0.50   0.91   1.56   2.31   3.24   3.95   4.87   8.02  12.99  21.70  34.68  48.16  63.50  79.69  83.80  92.53 106.41 119.10 123.89 136.66 155.04 166.19 179.78 195.67 215.50 229.24 237.35 233.62
Belize                 0.00   0.00   0.00   0.00   0.00   0.00   0.00   0.00   0.00   0.00   0.00   0.00   0.00   0.00   0.00   0.00   0.00   0.00   0.00   0.00   0.00   0.00   0.00   0.00   0.00   0.00   0.00   0.00   0.00   0.00   0.00   0.00   0.00   0.20   0.41   0.75   1.03   1.16   1.57   2.84   7.05  15.97  20.55  23.38  28.30  35.30  42.30  41.34  54.52  53.75  62.93  70.32  53.21  52.61  50.71
Uzbekistan             0.00   0.00   0.00   0.00   0.00   0.00   0.00   0.00   0.00   0.00   0.00   0.00   0.00   0.00   0.00   0.00   0.00   0.00   0.00   0.00   0.00   0.00   0.00   0.00   0.00   0.00   0.00   0.00   0.00   0.00   0.00   0.00   0.00   0.00   0.00   0.02   0.04   0.07   0.11   0.16   0.21   0.51   0.74   1.26   2.11   2.76   9.61  21.34  45.79  59.94  75.45  90.37  71.03  74.31  78.42
Djibouti               0.00   0.00   0.00   0.00   0.00   0.00   0.00   0.00   0.00   0.00   0.00   0.00   0.00   0.00   0.00   0.00   0.00   0.00   0.00   0.00   0.00   0.00   0.00   0.00   0.00   0.00   0.00   0.00   0.00   0.00   0.00   0.00   0.00   0.00   0.00   0.00   0.02   0.03   0.03   0.04   0.03   0.41   2.01   3.05   4.50   5.67   5.69   8.71  13.93  15.67  19.86  22.80  24.72  27.97  32.39
Dominican Republic     0.00   0.00   0.00   0.00   0.00   0.00   0.00   0.00   0.00   0.00   0.00   0.00   0.00   0.00   0.00   0.00   0.00   0.00   0.00   0.00   0.00   0.00   0.00   0.00   0.00   0.00   0.00   0.00   0.00   0.00   0.04   0.08   0.10   0.13   0.27   0.70   1.02   1.71   2.49   4.98   8.14  14.43  19.03  23.06  27.52  38.78  48.59  57.34  73.95  87.31  88.78  86.43  86.94  88.43  78.86
Timor-Leste            0.00   0.00   0.00   0.00   0.00   0.00   0.00   0.00   0.00   0.00   0.00   0.00   0.00   0.00   0.00   0.00   0.00   0.00   0.00   0.00   0.00   0.00   0.00   0.00   0.00   0.00   0.00   0.00   0.00   0.00   0.00   0.00   0.00   0.00   0.00   0.00   0.00   0.00   0.00   0.00   0.00   0.00   0.00   2.15   2.66   3.32   4.82   7.55  11.90  32.97  43.82  56.02  55.74  57.38 119.38
Puerto Rico            0.00   0.00   0.00   0.00   0.00   0.00   0.00   0.00   0.00   0.00   0.00   0.00   0.00   0.00   0.00   0.00   0.00   0.00   0.00   0.00   0.00   0.00   0.00   0.00   0.00   0.00   0.00   0.11   0.25   0.33   0.58   0.94   1.67   2.62   4.78   7.78   8.85   9.80  15.39  21.49  34.71  42.85  43.40  45.15  48.98  53.00  58.64  65.03  68.22  72.93  79.09  83.98  82.55  83.65  87.11
Guinea                 0.00   0.00   0.00   0.00   0.00   0.00   0.00   0.00   0.00   0.00   0.00   0.00   0.00   0.00   0.00   0.00   0.00   0.00   0.00   0.00   0.00   0.00   0.00   0.00   0.00   0.00   0.00   0.00   0.00   0.00   0.00   0.00   0.00   0.00   0.01   0.01   0.01   0.03   0.26   0.29   0.48   0.63   1.00   1.21   1.65   1.97   0.00  19.91  26.66  32.94  36.78  43.55  48.77  63.32  72.10
Albania                0.00   0.00   0.00   0.00   0.00   0.00   0.00   0.00   0.00   0.00   0.00   0.00   0.00   0.00   0.00   0.00   0.00   0.00   0.00   0.00   0.00   0.00   0.00   0.00   0.00   0.00   0.00   0.00   0.00   0.00   0.00   0.00   0.00   0.00   0.00   0.00   0.07   0.10   0.17   0.33   0.90  11.95  26.08  33.96  39.16  47.88  60.07  73.35  58.91  78.18  85.47  98.29 110.69 116.16 105.47
Algeria                0.00   0.00   0.00   0.00   0.00   0.00   0.00   0.00   0.00   0.00   0.00   0.00   0.00   0.00   0.00   0.00   0.00   0.00   0.00   0.00   0.00   0.00   0.00   0.00   0.00   0.00   0.00   0.00   0.00   0.00   0.00   0.02   0.02   0.02   0.00   0.02   0.04   0.06   0.06   0.23   0.27   0.31   1.38   4.38  14.59  40.23  60.85  78.53  75.66  89.96  88.44  94.31  97.52 100.79  92.95

Inserting the country Andorra at index 5

List of countries:
American Samoa         0.00   0.00   0.00   0.00   0.00   0.00   0.00   0.00   0.00   0.00   0.00   0.00   0.00   0.00   0.00   0.00   0.00   0.00   0.00   0.00   0.00   0.00   0.00   0.00   0.00   0.00   0.00   0.00   0.00   0.00   0.00   0.00   1.41   1.77   2.32   2.36   2.41   2.55   2.68   3.17   3.46   3.71   3.47   3.55   3.80   0.00   0.00   0.00   0.00   0.00   0.00   0.00   0.00   0.00   0.00
"Hong Kong SAR, China"   0.00   0.00   0.00   0.00   0.00   0.00   0.00   0.00   0.00   0.00   0.00   0.00   0.00   0.00   0.00   0.00   0.00   0.00   0.00   0.00   0.00   0.00   0.00   0.00   0.02   0.08   0.18   0.50   0.91   1.56   2.31   3.24   3.95   4.87   8.02  12.99  21.70  34.68  48.16  63.50  79.69  83.80  92.53 106.41 119.10 123.89 136.66 155.04 166.19 179.78 195.67 215.50 229.24 237.35 233.62
Belize                 0.00   0.00   0.00   0.00   0.00   0.00   0.00   0.00   0.00   0.00   0.00   0.00   0.00   0.00   0.00   0.00   0.00   0.00   0.00   0.00   0.00   0.00   0.00   0.00   0.00   0.00   0.00   0.00   0.00   0.00   0.00   0.00   0.00   0.20   0.41   0.75   1.03   1.16   1.57   2.84   7.05  15.97  20.55  23.38  28.30  35.30  42.30  41.34  54.52  53.75  62.93  70.32  53.21  52.61  50.71
Uzbekistan             0.00   0.00   0.00   0.00   0.00   0.00   0.00   0.00   0.00   0.00   0.00   0.00   0.00   0.00   0.00   0.00   0.00   0.00   0.00   0.00   0.00   0.00   0.00   0.00   0.00   0.00   0.00   0.00   0.00   0.00   0.00   0.00   0.00   0.00   0.00   0.02   0.04   0.07   0.11   0.16   0.21   0.51   0.74   1.26   2.11   2.76   9.61  21.34  45.79  59.94  75.45  90.37  71.03  74.31  78.42
Djibouti               0.00   0.00   0.00   0.00   0.00   0.00   0.00   0.00   0.00   0.00   0.00   0.00   0.00   0.00   0.00   0.00   0.00   0.00   0.00   0.00   0.00   0.00   0.00   0.00   0.00   0.00   0.00   0.00   0.00   0.00   0.00   0.00   0.00   0.00   0.00   0.00   0.02   0.03   0.03   0.04   0.03   0.41   2.01   3.05   4.50   5.67   5.69   8.71  13.93  15.67  19.86  22.80  24.72  27.97  32.39
Andorra                0.00   0.00   0.00   0.00   0.00   0.00   0.00   0.00   0.00   0.00   0.00   0.00   0.00   0.00   0.00   0.00   0.00   0.00   0.00   0.00   0.00   0.00   0.00   0.00   0.00   0.00   0.00   0.00   0.00   0.00   0.00   0.00   1.31   1.28   1.25   4.42   8.54  13.45  22.13  32.15  36.00  43.28  45.77  68.60  73.82  79.48  84.28  78.12  80.28  82.06  84.07  83.53  81.50  80.70  82.64
Dominican Republic     0.00   0.00   0.00   0.00   0.00   0.00   0.00   0.00   0.00   0.00   0.00   0.00   0.00   0.00   0.00   0.00   0.00   0.00   0.00   0.00   0.00   0.00   0.00   0.00   0.00   0.00   0.00   0.00   0.00   0.00   0.04   0.08   0.10   0.13   0.27   0.70   1.02   1.71   2.49   4.98   8.14  14.43  19.03  23.06  27.52  38.78  48.59  57.34  73.95  87.31  88.78  86.43  86.94  88.43  78.86
Timor-Leste            0.00   0.00   0.00   0.00   0.00   0.00   0.00   0.00   0.00   0.00   0.00   0.00   0.00   0.00   0.00   0.00   0.00   0.00   0.00   0.00   0.00   0.00   0.00   0.00   0.00   0.00   0.00   0.00   0.00   0.00   0.00   0.00   0.00   0.00   0.00   0.00   0.00   0.00   0.00   0.00   0.00   0.00   0.00   2.15   2.66   3.32   4.82   7.55  11.90  32.97  43.82  56.02  55.74  57.38 119.38
Puerto Rico            0.00   0.00   0.00   0.00   0.00   0.00   0.00   0.00   0.00   0.00   0.00   0.00   0.00   0.00   0.00   0.00   0.00   0.00   0.00   0.00   0.00   0.00   0.00   0.00   0.00   0.00   0.00   0.11   0.25   0.33   0.58   0.94   1.67   2.62   4.78   7.78   8.85   9.80  15.39  21.49  34.71  42.85  43.40  45.15  48.98  53.00  58.64  65.03  68.22  72.93  79.09  83.98  82.55  83.65  87.11
Guinea                 0.00   0.00   0.00   0.00   0.00   0.00   0.00   0.00   0.00   0.00   0.00   0.00   0.00   0.00   0.00   0.00   0.00   0.00   0.00   0.00   0.00   0.00   0.00   0.00   0.00   0.00   0.00   0.00   0.00   0.00   0.00   0.00   0.00   0.00   0.01   0.01   0.01   0.03   0.26   0.29   0.48   0.63   1.00   1.21   1.65   1.97   0.00  19.91  26.66  32.94  36.78  43.55  48.77  63.32  72.10
Albania                0.00   0.00   0.00   0.00   0.00   0.00   0.00   0.00   0.00   0.00   0.00   0.00   0.00   0.00   0.00   0.00   0.00   0.00   0.00   0.00   0.00   0.00   0.00   0.00   0.00   0.00   0.00   0.00   0.00   0.00   0.00   0.00   0.00   0.00   0.00   0.00   0.07   0.10   0.17   0.33   0.90  11.95  26.08  33.96  39.16  47.88  60.07  73.35  58.91  78.18  85.47  98.29 110.69 116.16 105.47
Algeria                0.00   0.00   0.00   0.00   0.00   0.00   0.00   0.00   0.00   0.00   0.00   0.00   0.00   0.00   0.00   0.00   0.00   0.00   0.00   0.00   0.00   0.00   0.00   0.00   0.00   0.00   0.00   0.00   0.00   0.00   0.00   0.02   0.02   0.02   0.00   0.02   0.04   0.06   0.06   0.23   0.27   0.31   1.38   4.38  14.59  40.23  60.85  78.53  75.66  89.96  88.44  94.31  97.52 100.79  92.95

Inserting the country Angola at index 12

List of countries:
American Samoa         0.00   0.00   0.00   0.00   0.00   0.00   0.00   0.00   0.00   0.00   0.00   0.00   0.00   0.00   0.00   0.00   0.00   0.00   0.00   0.00   0.00   0.00   0.00   0.00   0.00   0.00   0.00   0.00   0.00   0.00   0.00   0.00   1.41   1.77   2.32   2.36   2.41   2.55   2.68   3.17   3.46   3.71   3.47   3.55   3.80   0.00   0.00   0.00   0.00   0.00   0.00   0.00   0.00   0.00   0.00
"Hong Kong SAR, China"   0.00   0.00   0.00   0.00   0.00   0.00   0.00   0.00   0.00   0.00   0.00   0.00   0.00   0.00   0.00   0.00   0.00   0.00   0.00   0.00   0.00   0.00   0.00   0.00   0.02   0.08   0.18   0.50   0.91   1.56   2.31   3.24   3.95   4.87   8.02  12.99  21.70  34.68  48.16  63.50  79.69  83.80  92.53 106.41 119.10 123.89 136.66 155.04 166.19 179.78 195.67 215.50 229.24 237.35 233.62
Belize                 0.00   0.00   0.00   0.00   0.00   0.00   0.00   0.00   0.00   0.00   0.00   0.00   0.00   0.00   0.00   0.00   0.00   0.00   0.00   0.00   0.00   0.00   0.00   0.00   0.00   0.00   0.00   0.00   0.00   0.00   0.00   0.00   0.00   0.20   0.41   0.75   1.03   1.16   1.57   2.84   7.05  15.97  20.55  23.38  28.30  35.30  42.30  41.34  54.52  53.75  62.93  70.32  53.21  52.61  50.71
Uzbekistan             0.00   0.00   0.00   0.00   0.00   0.00   0.00   0.00   0.00   0.00   0.00   0.00   0.00   0.00   0.00   0.00   0.00   0.00   0.00   0.00   0.00   0.00   0.00   0.00   0.00   0.00   0.00   0.00   0.00   0.00   0.00   0.00   0.00   0.00   0.00   0.02   0.04   0.07   0.11   0.16   0.21   0.51   0.74   1.26   2.11   2.76   9.61  21.34  45.79  59.94  75.45  90.37  71.03  74.31  78.42
Djibouti               0.00   0.00   0.00   0.00   0.00   0.00   0.00   0.00   0.00   0.00   0.00   0.00   0.00   0.00   0.00   0.00   0.00   0.00   0.00   0.00   0.00   0.00   0.00   0.00   0.00   0.00   0.00   0.00   0.00   0.00   0.00   0.00   0.00   0.00   0.00   0.00   0.02   0.03   0.03   0.04   0.03   0.41   2.01   3.05   4.50   5.67   5.69   8.71  13.93  15.67  19.86  22.80  24.72  27.97  32.39
Andorra                0.00   0.00   0.00   0.00   0.00   0.00   0.00   0.00   0.00   0.00   0.00   0.00   0.00   0.00   0.00   0.00   0.00   0.00   0.00   0.00   0.00   0.00   0.00   0.00   0.00   0.00   0.00   0.00   0.00   0.00   0.00   0.00   1.31   1.28   1.25   4.42   8.54  13.45  22.13  32.15  36.00  43.28  45.77  68.60  73.82  79.48  84.28  78.12  80.28  82.06  84.07  83.53  81.50  80.70  82.64
Dominican Republic     0.00   0.00   0.00   0.00   0.00   0.00   0.00   0.00   0.00   0.00   0.00   0.00   0.00   0.00   0.00   0.00   0.00   0.00   0.00   0.00   0.00   0.00   0.00   0.00   0.00   0.00   0.00   0.00   0.00   0.00   0.04   0.08   0.10   0.13   0.27   0.70   1.02   1.71   2.49   4.98   8.14  14.43  19.03  23.06  27.52  38.78  48.59  57.34  73.95  87.31  88.78  86.43  86.94  88.43  78.86
Timor-Leste            0.00   0.00   0.00   0.00   0.00   0.00   0.00   0.00   0.00   0.00   0.00   0.00   0.00   0.00   0.00   0.00   0.00   0.00   0.00   0.00   0.00   0.00   0.00   0.00   0.00   0.00   0.00   0.00   0.00   0.00   0.00   0.00   0.00   0.00   0.00   0.00   0.00   0.00   0.00   0.00   0.00   0.00   0.00   2.15   2.66   3.32   4.82   7.55  11.90  32.97  43.82  56.02  55.74  57.38 119.38
Puerto Rico            0.00   0.00   0.00   0.00   0.00   0.00   0.00   0.00   0.00   0.00   0.00   0.00   0.00   0.00   0.00   0.00   0.00   0.00   0.00   0.00   0.00   0.00   0.00   0.00   0.00   0.00   0.00   0.11   0.25   0.33   0.58   0.94   1.67   2.62   4.78   7.78   8.85   9.80  15.39  21.49  34.71  42.85  43.40  45.15  48.98  53.00  58.64  65.03  68.22  72.93  79.09  83.98  82.55  83.65  87.11
Guinea                 0.00   0.00   0.00   0.00   0.00   0.00   0.00   0.00   0.00   0.00   0.00   0.00   0.00   0.00   0.00   0.00   0.00   0.00   0.00   0.00   0.00   0.00   0.00   0.00   0.00   0.00   0.00   0.00   0.00   0.00   0.00   0.00   0.00   0.00   0.01   0.01   0.01   0.03   0.26   0.29   0.48   0.63   1.00   1.21   1.65   1.97   0.00  19.91  26.66  32.94  36.78  43.55  48.77  63.32  72.10
Albania                0.00   0.00   0.00   0.00   0.00   0.00   0.00   0.00   0.00   0.00   0.00   0.00   0.00   0.00   0.00   0.00   0.00   0.00   0.00   0.00   0.00   0.00   0.00   0.00   0.00   0.00   0.00   0.00   0.00   0.00   0.00   0.00   0.00   0.00   0.00   0.00   0.07   0.10   0.17   0.33   0.90  11.95  26.08  33.96  39.16  47.88  60.07  73.35  58.91  78.18  85.47  98.29 110.69 116.16 105.47
Algeria                0.00   0.00   0.00   0.00   0.00   0.00   0.00   0.00   0.00   0.00   0.00   0.00   0.00   0.00   0.00   0.00   0.00   0.00   0.00   0.00   0.00   0.00   0.00   0.00   0.00   0.00   0.00   0.00   0.00   0.00   0.00   0.02   0.02   0.02   0.00   0.02   0.04   0.06   0.06   0.23   0.27   0.31   1.38   4.38  14.59  40.23  60.85  78.53  75.66  89.96  88.44  94.31  97.52 100.79  92.95
Angola                 0.00   0.00   0.00   0.00   0.00   0.00   0.00   0.00   0.00   0.00   0.00   0.00   0.00   0.00   0.00   0.00   0.00   0.00   0.00   0.00   0.00   0.00   0.00   0.00   0.00   0.00   0.00   0.00   0.00   0.00   0.00   0.00   0.00   0.01   0.02   0.02   0.03   0.06   0.07   0.18   0.19   0.52   0.94   2.27   4.63   9.74  17.84  28.01  36.98  42.85  48.10  59.83  61.41  61.87  63.48


Done with TestCountryList.
